0,273
0,270
149,35
3,2
10,271
10,122
10,137
10,25
10,254
10,131
10,282
10,181
11,22
9,5
9,1
9,7
9,2
9,3
8,13
8,17
8,11
8,4
8,15
143,4
143,3
143,2
143,1
143,0
142,4
142,3
142,2
142,1
142,0
141,3
141,2
141,1
141,0
140,5
140,4
140,3
140,2
140,1
140,0
139,3
139,2
139,1
139,0
137,3
137,2
137,1
137,0
136,3
136,2
136,1
136,0
20,3
20,2
20,1
19,2
12,3
19,1
12,2
19,3
12,1
11,30
11,29
11,28
11,26
11,25
11,24
11,23
11,21
11,20
11,19
11,17
11,15
11,14
11,12
11,11
11,10
11,9
11,8
11,7
11,6
11,5
11,4
11,3
11,2
11,1
10,301
10,276
10,272
10,266
10,251
10,249
10,243
10,231
10,224
10,223
10,213
10,202
10,198
10,188
10,186
10,184
10,180
10,176
10,170
10,166
10,162
10,152
10,149
10,133
10,130
10,128
10,123
10,116
10,115
10,114
10,83
10,81
